{
 "cells": [
  {
   "cell_type": "code",
   "execution_count": 35,
   "metadata": {
    "collapsed": false
   },
   "outputs": [],
   "source": [
    "# prepare \n",
    "import numpy as np\n",
    "import pylab as pb\n",
    "import GPy as gpy\n",
    "import matplotlib\n",
    "from matplotlib import pyplot as plt\n",
    "from numpy.linalg import inv\n",
    "from IPython.display import display\n",
    "from scipy.fftpack import fft, ifft\n",
    "pb.ion()\n",
    "%matplotlib inline  \n",
    "%config InlineBackend.figure_format = 'svg'\n",
    "matplotlib.rcParams['figure.figsize'] = (8,5)"
   ]
  },
  {
   "cell_type": "code",
   "execution_count": 36,
   "metadata": {
    "collapsed": false
   },
   "outputs": [
    {
     "name": "stdout",
     "output_type": "stream",
     "text": [
      "10.0\n",
      "10.0\n"
     ]
    }
   ],
   "source": [
    "# data matrix X (n-by-T); X ~ MN(M,U,V)\n",
    "# given mean of data M (n-by-t) is zero. \n",
    "# U is n-by-n. V is t-by-t\n",
    "# two covariances: \n",
    "# sigma_N = E(X*X.T) = U*tr(V)\n",
    "# sigma_T = E(X.T*X) = V*tr(U)\n",
    "# so, tr(sigma_N) =  tr(V) * tr(T) \n",
    "# The two given sigma_N and sigma_T need to satisfy (1) semi-definite positive (2) tr(sigma_N) = tr(sigma_T) \n",
    "# covariance parameters are non-identifiable in the sense that for any scale factor, s>0, we have MN(M,U,V) = MN(M,sU,1/sV)\n",
    "\n",
    "fs = 10.0  #  time step:1/fs\n",
    "t = np.arange(0,10,1/fs)[np.newaxis].transpose()\n",
    "n = np.arange(0,5,1)[np.newaxis].transpose() \n",
    "\n",
    "# given two covariance:  sigma_N and sigma_T\n",
    "k1 = gpy.kern.RBF(1, variance=2, lengthscale=1)\n",
    "sigma_N = k1.K(n)\n",
    "print np.matrix.trace(sigma_N)\n",
    "\n",
    "k2 = gpy.kern.RBF(1, variance=2.0*n.size/t.size, lengthscale=2)\n",
    "sigma_T = k2.K(t)\n",
    "print np.matrix.trace(sigma_T)"
   ]
  },
  {
   "cell_type": "code",
   "execution_count": 37,
   "metadata": {
    "collapsed": false
   },
   "outputs": [
    {
     "name": "stdout",
     "output_type": "stream",
     "text": [
      "[[  2.00000000e+00   1.21306132e+00   2.70670566e-01   2.22179931e-02\n",
      "    6.70925256e-04]\n",
      " [  1.21306132e+00   2.00000000e+00   1.21306132e+00   2.70670566e-01\n",
      "    2.22179931e-02]\n",
      " [  2.70670566e-01   1.21306132e+00   2.00000000e+00   1.21306132e+00\n",
      "    2.70670566e-01]\n",
      " [  2.22179931e-02   2.70670566e-01   1.21306132e+00   2.00000000e+00\n",
      "    1.21306132e+00]\n",
      " [  6.70925256e-04   2.22179931e-02   2.70670566e-01   1.21306132e+00\n",
      "    2.00000000e+00]]\n",
      "[[  1.00000000e-01   9.98750781e-02   9.95012479e-02 ...,   7.80106730e-07\n",
      "    6.11356797e-07   4.77913973e-07]\n",
      " [  9.98750781e-02   1.00000000e-01   9.98750781e-02 ...,   9.92950431e-07\n",
      "    7.80106730e-07   6.11356797e-07]\n",
      " [  9.95012479e-02   9.98750781e-02   1.00000000e-01 ...,   1.26071052e-06\n",
      "    9.92950431e-07   7.80106730e-07]\n",
      " ..., \n",
      " [  7.80106730e-07   9.92950431e-07   1.26071052e-06 ...,   1.00000000e-01\n",
      "    9.98750781e-02   9.95012479e-02]\n",
      " [  6.11356797e-07   7.80106730e-07   9.92950431e-07 ...,   9.98750781e-02\n",
      "    1.00000000e-01   9.98750781e-02]\n",
      " [  4.77913973e-07   6.11356797e-07   7.80106730e-07 ...,   9.95012479e-02\n",
      "    9.98750781e-02   1.00000000e-01]]\n"
     ]
    }
   ],
   "source": [
    "print sigma_N\n",
    "print sigma_T"
   ]
  },
  {
   "cell_type": "code",
   "execution_count": 38,
   "metadata": {
    "collapsed": true
   },
   "outputs": [],
   "source": [
    "# sigma_N/tr(sigma_T) = U/tr(U) \n",
    "# sigma_T/tr(sigma_N) = V/tr(V) \n",
    "\n",
    "# tr(sigma_N) =  tr(V) * tr(T) \n",
    "# let tr(U) = a and tr(V) = tr(sigma_N)/a\n",
    "# a can be any positive number, i.e. \n",
    "a = 1.0\n",
    "U = sigma_N/np.matrix.trace(sigma_T)* a\n",
    "V = sigma_T/np.matrix.trace(sigma_N)* np.matrix.trace(sigma_N)/a"
   ]
  },
  {
   "cell_type": "code",
   "execution_count": 39,
   "metadata": {
    "collapsed": false
   },
   "outputs": [
    {
     "name": "stdout",
     "output_type": "stream",
     "text": [
      "[[  2.00000000e-01   1.21306132e-01   2.70670566e-02   2.22179931e-03\n",
      "    6.70925256e-05]\n",
      " [  1.21306132e-01   2.00000000e-01   1.21306132e-01   2.70670566e-02\n",
      "    2.22179931e-03]\n",
      " [  2.70670566e-02   1.21306132e-01   2.00000000e-01   1.21306132e-01\n",
      "    2.70670566e-02]\n",
      " [  2.22179931e-03   2.70670566e-02   1.21306132e-01   2.00000000e-01\n",
      "    1.21306132e-01]\n",
      " [  6.70925256e-05   2.22179931e-03   2.70670566e-02   1.21306132e-01\n",
      "    2.00000000e-01]]\n",
      "[[  1.00000000e-01   9.98750781e-02   9.95012479e-02 ...,   7.80106730e-07\n",
      "    6.11356797e-07   4.77913973e-07]\n",
      " [  9.98750781e-02   1.00000000e-01   9.98750781e-02 ...,   9.92950431e-07\n",
      "    7.80106730e-07   6.11356797e-07]\n",
      " [  9.95012479e-02   9.98750781e-02   1.00000000e-01 ...,   1.26071052e-06\n",
      "    9.92950431e-07   7.80106730e-07]\n",
      " ..., \n",
      " [  7.80106730e-07   9.92950431e-07   1.26071052e-06 ...,   1.00000000e-01\n",
      "    9.98750781e-02   9.95012479e-02]\n",
      " [  6.11356797e-07   7.80106730e-07   9.92950431e-07 ...,   9.98750781e-02\n",
      "    1.00000000e-01   9.98750781e-02]\n",
      " [  4.77913973e-07   6.11356797e-07   7.80106730e-07 ...,   9.95012479e-02\n",
      "    9.98750781e-02   1.00000000e-01]]\n"
     ]
    }
   ],
   "source": [
    "print U\n",
    "print V"
   ]
  },
  {
   "cell_type": "code",
   "execution_count": 40,
   "metadata": {
    "collapsed": false
   },
   "outputs": [
    {
     "name": "stderr",
     "output_type": "stream",
     "text": [
      " C:\\Users\\Ruoxi\\Anaconda\\lib\\site-packages\\IPython\\kernel\\__main__.py:7: RuntimeWarning:covariance is not positive-semidefinite.\n"
     ]
    }
   ],
   "source": [
    "# estimate covariance using data drawn \n",
    "\n",
    "x_N = 0 # estimate of sigma_N\n",
    "x_T = 0 # estimate of sigma_T\n",
    "\n",
    "for i in xrange(1, 1000):\n",
    "    x = np.random.multivariate_normal(np.zeros(t.size*n.size), np.kron(V,U), 1).reshape(t.size,n.size).T\n",
    "    x = np.asmatrix(x)\n",
    "    #\n",
    "    x_N = x_N + x * np.transpose(x) \n",
    "    x_T = x_T + np.transpose(x) * x  \n",
    "     \n",
    "x_N = x_N/1000\n",
    "x_T = x_T/1000"
   ]
  },
  {
   "cell_type": "code",
   "execution_count": 41,
   "metadata": {
    "collapsed": false
   },
   "outputs": [
    {
     "name": "stdout",
     "output_type": "stream",
     "text": [
      "[[  2.00000000e+00   1.21306132e+00   2.70670566e-01   2.22179931e-02\n",
      "    6.70925256e-04]\n",
      " [  1.21306132e+00   2.00000000e+00   1.21306132e+00   2.70670566e-01\n",
      "    2.22179931e-02]\n",
      " [  2.70670566e-01   1.21306132e+00   2.00000000e+00   1.21306132e+00\n",
      "    2.70670566e-01]\n",
      " [  2.22179931e-02   2.70670566e-01   1.21306132e+00   2.00000000e+00\n",
      "    1.21306132e+00]\n",
      " [  6.70925256e-04   2.22179931e-02   2.70670566e-01   1.21306132e+00\n",
      "    2.00000000e+00]]\n",
      "[[ 2.10973975  1.27057188  0.27652615  0.00817815  0.06280806]\n",
      " [ 1.27057188  1.9715217   1.15637631  0.23454235  0.06778911]\n",
      " [ 0.27652615  1.15637631  1.93354383  1.14785778  0.25466838]\n",
      " [ 0.00817815  0.23454235  1.14785778  1.90715757  1.17363894]\n",
      " [ 0.06280806  0.06778911  0.25466838  1.17363894  2.00179282]]\n"
     ]
    }
   ],
   "source": [
    "# x_N is covariance of data drawn\n",
    "# sigma_N is ground truth\n",
    "# x_N and sigma_N should be the same (confirmed)\n",
    "print sigma_N\n",
    "print x_N"
   ]
  },
  {
   "cell_type": "code",
   "execution_count": 42,
   "metadata": {
    "collapsed": false
   },
   "outputs": [
    {
     "name": "stdout",
     "output_type": "stream",
     "text": [
      "[[  1.00000000e-01   9.98750781e-02   9.95012479e-02 ...,   7.80106730e-07\n",
      "    6.11356797e-07   4.77913973e-07]\n",
      " [  9.98750781e-02   1.00000000e-01   9.98750781e-02 ...,   9.92950431e-07\n",
      "    7.80106730e-07   6.11356797e-07]\n",
      " [  9.95012479e-02   9.98750781e-02   1.00000000e-01 ...,   1.26071052e-06\n",
      "    9.92950431e-07   7.80106730e-07]\n",
      " ..., \n",
      " [  7.80106730e-07   9.92950431e-07   1.26071052e-06 ...,   1.00000000e-01\n",
      "    9.98750781e-02   9.95012479e-02]\n",
      " [  6.11356797e-07   7.80106730e-07   9.92950431e-07 ...,   9.98750781e-02\n",
      "    1.00000000e-01   9.98750781e-02]\n",
      " [  4.77913973e-07   6.11356797e-07   7.80106730e-07 ...,   9.95012479e-02\n",
      "    9.98750781e-02   1.00000000e-01]]\n",
      "[[ 0.09919599  0.09897233  0.09849836 ...,  0.00298095  0.00304519\n",
      "   0.00311683]\n",
      " [ 0.09897233  0.09900315  0.09878358 ...,  0.00296758  0.00303092\n",
      "   0.00310196]\n",
      " [ 0.09849836  0.09878358  0.09882016 ...,  0.00294082  0.00300299\n",
      "   0.00307317]\n",
      " ..., \n",
      " [ 0.00298095  0.00296758  0.00294082 ...,  0.0997809   0.09974041\n",
      "   0.09945362]\n",
      " [ 0.00304519  0.00303092  0.00300299 ...,  0.09974041  0.0999592\n",
      "   0.09993092]\n",
      " [ 0.00311683  0.00310196  0.00307317 ...,  0.09945362  0.09993092\n",
      "   0.10016221]]\n"
     ]
    }
   ],
   "source": [
    "# x_T is covariance of data drawn\n",
    "# sigma_T is ground truth\n",
    "# x_T and sigma_T should be the same(confirmed)\n",
    "print sigma_T\n",
    "print x_T"
   ]
  },
  {
   "cell_type": "code",
   "execution_count": 43,
   "metadata": {
    "collapsed": false
   },
   "outputs": [
    {
     "data": {
      "image/svg+xml": [
       "<?xml version=\"1.0\" encoding=\"utf-8\" standalone=\"no\"?>\n",
       "<!DOCTYPE svg PUBLIC \"-//W3C//DTD SVG 1.1//EN\"\n",
       "  \"http://www.w3.org/Graphics/SVG/1.1/DTD/svg11.dtd\">\n",
       "<!-- Created with matplotlib (http://matplotlib.org/) -->\n",
       "<svg height=\"335pt\" version=\"1.1\" viewBox=\"0 0 492 335\" width=\"492pt\" xmlns=\"http://www.w3.org/2000/svg\" xmlns:xlink=\"http://www.w3.org/1999/xlink\">\n",
       " <defs>\n",
       "  <style type=\"text/css\">\n",
       "*{stroke-linecap:butt;stroke-linejoin:round;}\n",
       "  </style>\n",
       " </defs>\n",
       " <g id=\"figure_1\">\n",
       "  <g id=\"patch_1\">\n",
       "   <path d=\"\n",
       "M0 335.874\n",
       "L492.581 335.874\n",
       "L492.581 0\n",
       "L0 0\n",
       "L0 335.874\" style=\"fill:none;\"/>\n",
       "  </g>\n",
       "  <g id=\"axes_1\">\n",
       "   <g id=\"patch_2\">\n",
       "    <path d=\"\n",
       "M33.5 300.318\n",
       "L479.9 300.318\n",
       "L479.9 21.3181\n",
       "L33.5 21.3181\n",
       "z\n",
       "\" style=\"fill:#ffffff;\"/>\n",
       "   </g>\n",
       "   <g id=\"line2d_1\">\n",
       "    <path clip-path=\"url(#p5f9a6afde5)\" d=\"\n",
       "M33.5 237.597\n",
       "L37.964 239.545\n",
       "L42.428 240.909\n",
       "L46.892 241.715\n",
       "L51.356 241.997\n",
       "L55.82 241.796\n",
       "L60.284 241.158\n",
       "L64.748 240.134\n",
       "L69.212 238.781\n",
       "L73.676 237.155\n",
       "L78.14 235.315\n",
       "L82.604 233.321\n",
       "L87.068 231.23\n",
       "L91.532 229.096\n",
       "L95.996 226.973\n",
       "L100.46 224.906\n",
       "L104.924 222.939\n",
       "L109.388 221.108\n",
       "L113.852 219.445\n",
       "L118.316 217.972\n",
       "L122.78 216.708\n",
       "L127.244 215.664\n",
       "L131.708 214.846\n",
       "L136.172 214.252\n",
       "L140.636 213.876\n",
       "L145.1 213.707\n",
       "L149.564 213.732\n",
       "L154.028 213.932\n",
       "L158.492 214.287\n",
       "L162.956 214.775\n",
       "L167.42 215.376\n",
       "L171.884 216.066\n",
       "L176.348 216.825\n",
       "L180.812 217.634\n",
       "L185.276 218.476\n",
       "L189.74 219.334\n",
       "L194.204 220.199\n",
       "L198.668 221.058\n",
       "L203.132 221.906\n",
       "L207.596 222.737\n",
       "L212.06 223.547\n",
       "L216.524 224.335\n",
       "L220.988 225.099\n",
       "L225.452 225.837\n",
       "L229.916 226.547\n",
       "L234.38 227.223\n",
       "L238.844 227.859\n",
       "L243.308 228.446\n",
       "L247.772 228.969\n",
       "L252.236 229.412\n",
       "L256.7 229.752\n",
       "L261.164 229.964\n",
       "L265.628 230.016\n",
       "L270.092 229.876\n",
       "L274.556 229.505\n",
       "L279.02 228.864\n",
       "L283.484 227.911\n",
       "L287.948 226.604\n",
       "L292.412 224.901\n",
       "L296.876 222.763\n",
       "L301.34 220.152\n",
       "L305.804 217.039\n",
       "L310.268 213.395\n",
       "L314.732 209.203\n",
       "L319.196 204.453\n",
       "L323.66 199.142\n",
       "L328.124 193.28\n",
       "L332.588 186.886\n",
       "L337.052 179.991\n",
       "L341.516 172.634\n",
       "L345.98 164.869\n",
       "L350.444 156.758\n",
       "L354.908 148.372\n",
       "L359.372 139.794\n",
       "L363.836 131.111\n",
       "L368.3 122.419\n",
       "L372.764 113.819\n",
       "L377.228 105.413\n",
       "L381.692 97.3069\n",
       "L386.156 89.6071\n",
       "L390.62 82.4171\n",
       "L395.084 75.8378\n",
       "L399.548 69.965\n",
       "L404.012 64.8882\n",
       "L408.476 60.6892\n",
       "L412.94 57.4405\n",
       "L417.404 55.2048\n",
       "L421.868 54.0334\n",
       "L426.332 53.9659\n",
       "L430.796 55.0298\n",
       "L435.26 57.2396\n",
       "L439.724 60.5972\n",
       "L444.188 65.0917\n",
       "L448.652 70.6999\n",
       "L453.116 77.3862\n",
       "L457.58 85.1036\n",
       "L462.044 93.7943\n",
       "L466.508 103.39\n",
       "L470.972 113.815\n",
       "L475.436 124.983\" style=\"fill:none;stroke:#0000ff;stroke-linecap:square;\"/>\n",
       "   </g>\n",
       "   <g id=\"line2d_2\">\n",
       "    <path clip-path=\"url(#p5f9a6afde5)\" d=\"\n",
       "M33.5 150.94\n",
       "L37.964 151.049\n",
       "L42.428 151.368\n",
       "L46.892 151.912\n",
       "L51.356 152.697\n",
       "L55.82 153.734\n",
       "L60.284 155.032\n",
       "L64.748 156.597\n",
       "L69.212 158.433\n",
       "L73.676 160.541\n",
       "L78.14 162.919\n",
       "L82.604 165.565\n",
       "L87.068 168.473\n",
       "L91.532 171.634\n",
       "L95.996 175.038\n",
       "L100.46 178.673\n",
       "L104.924 182.525\n",
       "L109.388 186.576\n",
       "L113.852 190.808\n",
       "L118.316 195.2\n",
       "L122.78 199.728\n",
       "L127.244 204.369\n",
       "L131.708 209.094\n",
       "L136.172 213.877\n",
       "L140.636 218.688\n",
       "L145.1 223.497\n",
       "L149.564 228.273\n",
       "L154.028 232.986\n",
       "L158.492 237.606\n",
       "L162.956 242.106\n",
       "L167.42 246.458\n",
       "L171.884 250.638\n",
       "L176.348 254.626\n",
       "L180.812 258.404\n",
       "L185.276 261.958\n",
       "L189.74 265.278\n",
       "L194.204 268.359\n",
       "L198.668 271.201\n",
       "L203.132 273.805\n",
       "L207.596 276.179\n",
       "L212.06 278.333\n",
       "L216.524 280.279\n",
       "L220.988 282.033\n",
       "L225.452 283.609\n",
       "L229.916 285.024\n",
       "L234.38 286.292\n",
       "L238.844 287.425\n",
       "L243.308 288.435\n",
       "L247.772 289.326\n",
       "L252.236 290.102\n",
       "L256.7 290.757\n",
       "L261.164 291.284\n",
       "L265.628 291.668\n",
       "L270.092 291.888\n",
       "L274.556 291.921\n",
       "L279.02 291.736\n",
       "L283.484 291.3\n",
       "L287.948 290.577\n",
       "L292.412 289.528\n",
       "L296.876 288.117\n",
       "L301.34 286.305\n",
       "L305.804 284.061\n",
       "L310.268 281.355\n",
       "L314.732 278.162\n",
       "L319.196 274.467\n",
       "L323.66 270.261\n",
       "L328.124 265.545\n",
       "L332.588 260.33\n",
       "L337.052 254.636\n",
       "L341.516 248.495\n",
       "L345.98 241.948\n",
       "L350.444 235.045\n",
       "L354.908 227.844\n",
       "L359.372 220.412\n",
       "L363.836 212.82\n",
       "L368.3 205.144\n",
       "L372.764 197.464\n",
       "L377.228 189.858\n",
       "L381.692 182.404\n",
       "L386.156 175.178\n",
       "L390.62 168.251\n",
       "L395.084 161.686\n",
       "L399.548 155.541\n",
       "L404.012 149.863\n",
       "L408.476 144.692\n",
       "L412.94 140.054\n",
       "L417.404 135.969\n",
       "L421.868 132.443\n",
       "L426.332 129.473\n",
       "L430.796 127.047\n",
       "L435.26 125.144\n",
       "L439.724 123.735\n",
       "L444.188 122.784\n",
       "L448.652 122.249\n",
       "L453.116 122.087\n",
       "L457.58 122.249\n",
       "L462.044 122.687\n",
       "L466.508 123.351\n",
       "L470.972 124.193\n",
       "L475.436 125.168\" style=\"fill:none;stroke:#008000;stroke-linecap:square;\"/>\n",
       "   </g>\n",
       "   <g id=\"line2d_3\">\n",
       "    <path clip-path=\"url(#p5f9a6afde5)\" d=\"\n",
       "M33.5 136.242\n",
       "L37.964 131.833\n",
       "L42.428 127.992\n",
       "L46.892 124.711\n",
       "L51.356 121.978\n",
       "L55.82 119.771\n",
       "L60.284 118.063\n",
       "L64.748 116.822\n",
       "L69.212 116.011\n",
       "L73.676 115.591\n",
       "L78.14 115.518\n",
       "L82.604 115.749\n",
       "L87.068 116.239\n",
       "L91.532 116.943\n",
       "L95.996 117.816\n",
       "L100.46 118.816\n",
       "L104.924 119.9\n",
       "L109.388 121.03\n",
       "L113.852 122.169\n",
       "L118.316 123.281\n",
       "L122.78 124.336\n",
       "L127.244 125.302\n",
       "L131.708 126.156\n",
       "L136.172 126.872\n",
       "L140.636 127.431\n",
       "L145.1 127.815\n",
       "L149.564 128.012\n",
       "L154.028 128.01\n",
       "L158.492 127.804\n",
       "L162.956 127.389\n",
       "L167.42 126.769\n",
       "L171.884 125.947\n",
       "L176.348 124.935\n",
       "L180.812 123.745\n",
       "L185.276 122.397\n",
       "L189.74 120.913\n",
       "L194.204 119.321\n",
       "L198.668 117.65\n",
       "L203.132 115.936\n",
       "L207.596 114.215\n",
       "L212.06 112.526\n",
       "L216.524 110.908\n",
       "L220.988 109.401\n",
       "L225.452 108.045\n",
       "L229.916 106.877\n",
       "L234.38 105.93\n",
       "L238.844 105.234\n",
       "L243.308 104.814\n",
       "L247.772 104.689\n",
       "L252.236 104.87\n",
       "L256.7 105.361\n",
       "L261.164 106.159\n",
       "L265.628 107.252\n",
       "L270.092 108.62\n",
       "L274.556 110.238\n",
       "L279.02 112.071\n",
       "L283.484 114.08\n",
       "L287.948 116.221\n",
       "L292.412 118.445\n",
       "L296.876 120.704\n",
       "L301.34 122.946\n",
       "L305.804 125.122\n",
       "L310.268 127.186\n",
       "L314.732 129.095\n",
       "L319.196 130.81\n",
       "L323.66 132.3\n",
       "L328.124 133.541\n",
       "L332.588 134.515\n",
       "L337.052 135.214\n",
       "L341.516 135.638\n",
       "L345.98 135.792\n",
       "L350.444 135.69\n",
       "L354.908 135.352\n",
       "L359.372 134.803\n",
       "L363.836 134.07\n",
       "L368.3 133.185\n",
       "L372.764 132.178\n",
       "L377.228 131.082\n",
       "L381.692 129.923\n",
       "L386.156 128.728\n",
       "L390.62 127.518\n",
       "L395.084 126.308\n",
       "L399.548 125.107\n",
       "L404.012 123.921\n",
       "L408.476 122.744\n",
       "L412.94 121.568\n",
       "L417.404 120.378\n",
       "L421.868 119.153\n",
       "L426.332 117.869\n",
       "L430.796 116.499\n",
       "L435.26 115.013\n",
       "L439.724 113.381\n",
       "L444.188 111.575\n",
       "L448.652 109.566\n",
       "L453.116 107.333\n",
       "L457.58 104.855\n",
       "L462.044 102.12\n",
       "L466.508 99.119\n",
       "L470.972 95.8528\n",
       "L475.436 92.3278\" style=\"fill:none;stroke:#ff0000;stroke-linecap:square;\"/>\n",
       "   </g>\n",
       "   <g id=\"line2d_4\">\n",
       "    <path clip-path=\"url(#p5f9a6afde5)\" d=\"\n",
       "M33.5 152.9\n",
       "L37.964 149.799\n",
       "L42.428 147.088\n",
       "L46.892 144.751\n",
       "L51.356 142.764\n",
       "L55.82 141.098\n",
       "L60.284 139.718\n",
       "L64.748 138.586\n",
       "L69.212 137.66\n",
       "L73.676 136.899\n",
       "L78.14 136.256\n",
       "L82.604 135.688\n",
       "L87.068 135.153\n",
       "L91.532 134.608\n",
       "L95.996 134.017\n",
       "L100.46 133.342\n",
       "L104.924 132.554\n",
       "L109.388 131.625\n",
       "L113.852 130.533\n",
       "L118.316 129.259\n",
       "L122.78 127.789\n",
       "L127.244 126.116\n",
       "L131.708 124.234\n",
       "L136.172 122.143\n",
       "L140.636 119.847\n",
       "L145.1 117.352\n",
       "L149.564 114.669\n",
       "L154.028 111.811\n",
       "L158.492 108.793\n",
       "L162.956 105.634\n",
       "L167.42 102.353\n",
       "L171.884 98.9728\n",
       "L176.348 95.516\n",
       "L180.812 92.0073\n",
       "L185.276 88.4723\n",
       "L189.74 84.9378\n",
       "L194.204 81.431\n",
       "L198.668 77.9798\n",
       "L203.132 74.6126\n",
       "L207.596 71.3576\n",
       "L212.06 68.243\n",
       "L216.524 65.2964\n",
       "L220.988 62.5442\n",
       "L225.452 60.0119\n",
       "L229.916 57.7228\n",
       "L234.38 55.6979\n",
       "L238.844 53.9557\n",
       "L243.308 52.5109\n",
       "L247.772 51.375\n",
       "L252.236 50.5548\n",
       "L256.7 50.053\n",
       "L261.164 49.8675\n",
       "L265.628 49.9913\n",
       "L270.092 50.413\n",
       "L274.556 51.1161\n",
       "L279.02 52.0804\n",
       "L283.484 53.2819\n",
       "L287.948 54.6934\n",
       "L292.412 56.2857\n",
       "L296.876 58.0279\n",
       "L301.34 59.8892\n",
       "L305.804 61.8391\n",
       "L310.268 63.8489\n",
       "L314.732 65.8924\n",
       "L319.196 67.9471\n",
       "L323.66 69.9945\n",
       "L328.124 72.0213\n",
       "L332.588 74.0192\n",
       "L337.052 75.9855\n",
       "L341.516 77.9227\n",
       "L345.98 79.8387\n",
       "L350.444 81.7457\n",
       "L354.908 83.6599\n",
       "L359.372 85.6004\n",
       "L363.836 87.588\n",
       "L368.3 89.6443\n",
       "L372.764 91.7904\n",
       "L377.228 94.0454\n",
       "L381.692 96.4254\n",
       "L386.156 98.9427\n",
       "L390.62 101.605\n",
       "L395.084 104.412\n",
       "L399.548 107.362\n",
       "L404.012 110.442\n",
       "L408.476 113.635\n",
       "L412.94 116.92\n",
       "L417.404 120.267\n",
       "L421.868 123.644\n",
       "L426.332 127.016\n",
       "L430.796 130.345\n",
       "L435.26 133.591\n",
       "L439.724 136.718\n",
       "L444.188 139.689\n",
       "L448.652 142.471\n",
       "L453.116 145.037\n",
       "L457.58 147.364\n",
       "L462.044 149.435\n",
       "L466.508 151.242\n",
       "L470.972 152.782\n",
       "L475.436 154.061\" style=\"fill:none;stroke:#00bfbf;stroke-linecap:square;\"/>\n",
       "   </g>\n",
       "   <g id=\"line2d_5\">\n",
       "    <path clip-path=\"url(#p5f9a6afde5)\" d=\"\n",
       "M33.5 176.522\n",
       "L37.964 178.963\n",
       "L42.428 181.613\n",
       "L46.892 184.455\n",
       "L51.356 187.465\n",
       "L55.82 190.617\n",
       "L60.284 193.883\n",
       "L64.748 197.232\n",
       "L69.212 200.633\n",
       "L73.676 204.052\n",
       "L78.14 207.457\n",
       "L82.604 210.817\n",
       "L87.068 214.099\n",
       "L91.532 217.274\n",
       "L95.996 220.316\n",
       "L100.46 223.201\n",
       "L104.924 225.907\n",
       "L109.388 228.416\n",
       "L113.852 230.715\n",
       "L118.316 232.794\n",
       "L122.78 234.647\n",
       "L127.244 236.272\n",
       "L131.708 237.673\n",
       "L136.172 238.855\n",
       "L140.636 239.829\n",
       "L145.1 240.607\n",
       "L149.564 241.208\n",
       "L154.028 241.65\n",
       "L158.492 241.954\n",
       "L162.956 242.144\n",
       "L167.42 242.242\n",
       "L171.884 242.274\n",
       "L176.348 242.264\n",
       "L180.812 242.234\n",
       "L185.276 242.206\n",
       "L189.74 242.201\n",
       "L194.204 242.235\n",
       "L198.668 242.323\n",
       "L203.132 242.476\n",
       "L207.596 242.704\n",
       "L212.06 243.011\n",
       "L216.524 243.399\n",
       "L220.988 243.865\n",
       "L225.452 244.406\n",
       "L229.916 245.013\n",
       "L234.38 245.678\n",
       "L238.844 246.386\n",
       "L243.308 247.126\n",
       "L247.772 247.881\n",
       "L252.236 248.637\n",
       "L256.7 249.378\n",
       "L261.164 250.087\n",
       "L265.628 250.752\n",
       "L270.092 251.358\n",
       "L274.556 251.893\n",
       "L279.02 252.347\n",
       "L283.484 252.713\n",
       "L287.948 252.983\n",
       "L292.412 253.155\n",
       "L296.876 253.228\n",
       "L301.34 253.203\n",
       "L305.804 253.084\n",
       "L310.268 252.876\n",
       "L314.732 252.589\n",
       "L319.196 252.232\n",
       "L323.66 251.816\n",
       "L328.124 251.354\n",
       "L332.588 250.859\n",
       "L337.052 250.346\n",
       "L341.516 249.827\n",
       "L345.98 249.316\n",
       "L350.444 248.824\n",
       "L354.908 248.363\n",
       "L359.372 247.94\n",
       "L363.836 247.56\n",
       "L368.3 247.228\n",
       "L372.764 246.941\n",
       "L377.228 246.697\n",
       "L381.692 246.488\n",
       "L386.156 246.302\n",
       "L390.62 246.126\n",
       "L395.084 245.942\n",
       "L399.548 245.729\n",
       "L404.012 245.467\n",
       "L408.476 245.131\n",
       "L412.94 244.698\n",
       "L417.404 244.145\n",
       "L421.868 243.451\n",
       "L426.332 242.597\n",
       "L430.796 241.567\n",
       "L435.26 240.352\n",
       "L439.724 238.947\n",
       "L444.188 237.351\n",
       "L448.652 235.574\n",
       "L453.116 233.63\n",
       "L457.58 231.54\n",
       "L462.044 229.332\n",
       "L466.508 227.04\n",
       "L470.972 224.704\n",
       "L475.436 222.367\" style=\"fill:none;stroke:#bf00bf;stroke-linecap:square;\"/>\n",
       "   </g>\n",
       "   <g id=\"patch_3\">\n",
       "    <path d=\"\n",
       "M33.5 21.3181\n",
       "L479.9 21.3181\" style=\"fill:none;stroke:#000000;stroke-linecap:square;stroke-linejoin:miter;\"/>\n",
       "   </g>\n",
       "   <g id=\"patch_4\">\n",
       "    <path d=\"\n",
       "M479.9 300.318\n",
       "L479.9 21.3181\" style=\"fill:none;stroke:#000000;stroke-linecap:square;stroke-linejoin:miter;\"/>\n",
       "   </g>\n",
       "   <g id=\"patch_5\">\n",
       "    <path d=\"\n",
       "M33.5 300.318\n",
       "L479.9 300.318\" style=\"fill:none;stroke:#000000;stroke-linecap:square;stroke-linejoin:miter;\"/>\n",
       "   </g>\n",
       "   <g id=\"patch_6\">\n",
       "    <path d=\"\n",
       "M33.5 300.318\n",
       "L33.5 21.3181\" style=\"fill:none;stroke:#000000;stroke-linecap:square;stroke-linejoin:miter;\"/>\n",
       "   </g>\n",
       "   <g id=\"matplotlib.axis_1\">\n",
       "    <g id=\"xtick_1\">\n",
       "     <g id=\"line2d_6\">\n",
       "      <defs>\n",
       "       <path d=\"\n",
       "M0 0\n",
       "L0 -4\" id=\"m93b0483c22\" style=\"stroke:#000000;stroke-width:0.5;\"/>\n",
       "      </defs>\n",
       "      <g>\n",
       "       <use style=\"stroke:#000000;stroke-width:0.5;\" x=\"33.5\" xlink:href=\"#m93b0483c22\" y=\"300.318125\"/>\n",
       "      </g>\n",
       "     </g>\n",
       "     <g id=\"line2d_7\">\n",
       "      <defs>\n",
       "       <path d=\"\n",
       "M0 0\n",
       "L0 4\" id=\"m741efc42ff\" style=\"stroke:#000000;stroke-width:0.5;\"/>\n",
       "      </defs>\n",
       "      <g>\n",
       "       <use style=\"stroke:#000000;stroke-width:0.5;\" x=\"33.5\" xlink:href=\"#m741efc42ff\" y=\"21.318125\"/>\n",
       "      </g>\n",
       "     </g>\n",
       "     <g id=\"text_1\">\n",
       "      <!-- 0 -->\n",
       "      <defs>\n",
       "       <path d=\"\n",
       "M31.7812 66.4062\n",
       "Q24.1719 66.4062 20.3281 58.9062\n",
       "Q16.5 51.4219 16.5 36.375\n",
       "Q16.5 21.3906 20.3281 13.8906\n",
       "Q24.1719 6.39062 31.7812 6.39062\n",
       "Q39.4531 6.39062 43.2812 13.8906\n",
       "Q47.125 21.3906 47.125 36.375\n",
       "Q47.125 51.4219 43.2812 58.9062\n",
       "Q39.4531 66.4062 31.7812 66.4062\n",
       "M31.7812 74.2188\n",
       "Q44.0469 74.2188 50.5156 64.5156\n",
       "Q56.9844 54.8281 56.9844 36.375\n",
       "Q56.9844 17.9688 50.5156 8.26562\n",
       "Q44.0469 -1.42188 31.7812 -1.42188\n",
       "Q19.5312 -1.42188 13.0625 8.26562\n",
       "Q6.59375 17.9688 6.59375 36.375\n",
       "Q6.59375 54.8281 13.0625 64.5156\n",
       "Q19.5312 74.2188 31.7812 74.2188\" id=\"BitstreamVeraSans-Roman-30\"/>\n",
       "      </defs>\n",
       "      <g transform=\"translate(30.98046875 311.9165625)scale(0.1 -0.1)\">\n",
       "       <use xlink:href=\"#BitstreamVeraSans-Roman-30\"/>\n",
       "      </g>\n",
       "     </g>\n",
       "    </g>\n",
       "    <g id=\"xtick_2\">\n",
       "     <g id=\"line2d_8\">\n",
       "      <g>\n",
       "       <use style=\"stroke:#000000;stroke-width:0.5;\" x=\"122.78\" xlink:href=\"#m93b0483c22\" y=\"300.318125\"/>\n",
       "      </g>\n",
       "     </g>\n",
       "     <g id=\"line2d_9\">\n",
       "      <g>\n",
       "       <use style=\"stroke:#000000;stroke-width:0.5;\" x=\"122.78\" xlink:href=\"#m741efc42ff\" y=\"21.318125\"/>\n",
       "      </g>\n",
       "     </g>\n",
       "     <g id=\"text_2\">\n",
       "      <!-- 2 -->\n",
       "      <defs>\n",
       "       <path d=\"\n",
       "M19.1875 8.29688\n",
       "L53.6094 8.29688\n",
       "L53.6094 0\n",
       "L7.32812 0\n",
       "L7.32812 8.29688\n",
       "Q12.9375 14.1094 22.625 23.8906\n",
       "Q32.3281 33.6875 34.8125 36.5312\n",
       "Q39.5469 41.8438 41.4219 45.5312\n",
       "Q43.3125 49.2188 43.3125 52.7812\n",
       "Q43.3125 58.5938 39.2344 62.25\n",
       "Q35.1562 65.9219 28.6094 65.9219\n",
       "Q23.9688 65.9219 18.8125 64.3125\n",
       "Q13.6719 62.7031 7.8125 59.4219\n",
       "L7.8125 69.3906\n",
       "Q13.7656 71.7812 18.9375 73\n",
       "Q24.125 74.2188 28.4219 74.2188\n",
       "Q39.75 74.2188 46.4844 68.5469\n",
       "Q53.2188 62.8906 53.2188 53.4219\n",
       "Q53.2188 48.9219 51.5312 44.8906\n",
       "Q49.8594 40.875 45.4062 35.4062\n",
       "Q44.1875 33.9844 37.6406 27.2188\n",
       "Q31.1094 20.4531 19.1875 8.29688\" id=\"BitstreamVeraSans-Roman-32\"/>\n",
       "      </defs>\n",
       "      <g transform=\"translate(120.4659375 311.9165625)scale(0.1 -0.1)\">\n",
       "       <use xlink:href=\"#BitstreamVeraSans-Roman-32\"/>\n",
       "      </g>\n",
       "     </g>\n",
       "    </g>\n",
       "    <g id=\"xtick_3\">\n",
       "     <g id=\"line2d_10\">\n",
       "      <g>\n",
       "       <use style=\"stroke:#000000;stroke-width:0.5;\" x=\"212.06\" xlink:href=\"#m93b0483c22\" y=\"300.318125\"/>\n",
       "      </g>\n",
       "     </g>\n",
       "     <g id=\"line2d_11\">\n",
       "      <g>\n",
       "       <use style=\"stroke:#000000;stroke-width:0.5;\" x=\"212.06\" xlink:href=\"#m741efc42ff\" y=\"21.318125\"/>\n",
       "      </g>\n",
       "     </g>\n",
       "     <g id=\"text_3\">\n",
       "      <!-- 4 -->\n",
       "      <defs>\n",
       "       <path d=\"\n",
       "M37.7969 64.3125\n",
       "L12.8906 25.3906\n",
       "L37.7969 25.3906\n",
       "z\n",
       "\n",
       "M35.2031 72.9062\n",
       "L47.6094 72.9062\n",
       "L47.6094 25.3906\n",
       "L58.0156 25.3906\n",
       "L58.0156 17.1875\n",
       "L47.6094 17.1875\n",
       "L47.6094 0\n",
       "L37.7969 0\n",
       "L37.7969 17.1875\n",
       "L4.89062 17.1875\n",
       "L4.89062 26.7031\n",
       "z\n",
       "\" id=\"BitstreamVeraSans-Roman-34\"/>\n",
       "      </defs>\n",
       "      <g transform=\"translate(209.40375 311.9165625)scale(0.1 -0.1)\">\n",
       "       <use xlink:href=\"#BitstreamVeraSans-Roman-34\"/>\n",
       "      </g>\n",
       "     </g>\n",
       "    </g>\n",
       "    <g id=\"xtick_4\">\n",
       "     <g id=\"line2d_12\">\n",
       "      <g>\n",
       "       <use style=\"stroke:#000000;stroke-width:0.5;\" x=\"301.34\" xlink:href=\"#m93b0483c22\" y=\"300.318125\"/>\n",
       "      </g>\n",
       "     </g>\n",
       "     <g id=\"line2d_13\">\n",
       "      <g>\n",
       "       <use style=\"stroke:#000000;stroke-width:0.5;\" x=\"301.34\" xlink:href=\"#m741efc42ff\" y=\"21.318125\"/>\n",
       "      </g>\n",
       "     </g>\n",
       "     <g id=\"text_4\">\n",
       "      <!-- 6 -->\n",
       "      <defs>\n",
       "       <path d=\"\n",
       "M33.0156 40.375\n",
       "Q26.375 40.375 22.4844 35.8281\n",
       "Q18.6094 31.2969 18.6094 23.3906\n",
       "Q18.6094 15.5312 22.4844 10.9531\n",
       "Q26.375 6.39062 33.0156 6.39062\n",
       "Q39.6562 6.39062 43.5312 10.9531\n",
       "Q47.4062 15.5312 47.4062 23.3906\n",
       "Q47.4062 31.2969 43.5312 35.8281\n",
       "Q39.6562 40.375 33.0156 40.375\n",
       "M52.5938 71.2969\n",
       "L52.5938 62.3125\n",
       "Q48.875 64.0625 45.0938 64.9844\n",
       "Q41.3125 65.9219 37.5938 65.9219\n",
       "Q27.8281 65.9219 22.6719 59.3281\n",
       "Q17.5312 52.7344 16.7969 39.4062\n",
       "Q19.6719 43.6562 24.0156 45.9219\n",
       "Q28.375 48.1875 33.5938 48.1875\n",
       "Q44.5781 48.1875 50.9531 41.5156\n",
       "Q57.3281 34.8594 57.3281 23.3906\n",
       "Q57.3281 12.1562 50.6875 5.35938\n",
       "Q44.0469 -1.42188 33.0156 -1.42188\n",
       "Q20.3594 -1.42188 13.6719 8.26562\n",
       "Q6.98438 17.9688 6.98438 36.375\n",
       "Q6.98438 53.6562 15.1875 63.9375\n",
       "Q23.3906 74.2188 37.2031 74.2188\n",
       "Q40.9219 74.2188 44.7031 73.4844\n",
       "Q48.4844 72.75 52.5938 71.2969\" id=\"BitstreamVeraSans-Roman-36\"/>\n",
       "      </defs>\n",
       "      <g transform=\"translate(298.8228125 311.9165625)scale(0.1 -0.1)\">\n",
       "       <use xlink:href=\"#BitstreamVeraSans-Roman-36\"/>\n",
       "      </g>\n",
       "     </g>\n",
       "    </g>\n",
       "    <g id=\"xtick_5\">\n",
       "     <g id=\"line2d_14\">\n",
       "      <g>\n",
       "       <use style=\"stroke:#000000;stroke-width:0.5;\" x=\"390.62\" xlink:href=\"#m93b0483c22\" y=\"300.318125\"/>\n",
       "      </g>\n",
       "     </g>\n",
       "     <g id=\"line2d_15\">\n",
       "      <g>\n",
       "       <use style=\"stroke:#000000;stroke-width:0.5;\" x=\"390.62\" xlink:href=\"#m741efc42ff\" y=\"21.318125\"/>\n",
       "      </g>\n",
       "     </g>\n",
       "     <g id=\"text_5\">\n",
       "      <!-- 8 -->\n",
       "      <defs>\n",
       "       <path d=\"\n",
       "M31.7812 34.625\n",
       "Q24.75 34.625 20.7188 30.8594\n",
       "Q16.7031 27.0938 16.7031 20.5156\n",
       "Q16.7031 13.9219 20.7188 10.1562\n",
       "Q24.75 6.39062 31.7812 6.39062\n",
       "Q38.8125 6.39062 42.8594 10.1719\n",
       "Q46.9219 13.9688 46.9219 20.5156\n",
       "Q46.9219 27.0938 42.8906 30.8594\n",
       "Q38.875 34.625 31.7812 34.625\n",
       "M21.9219 38.8125\n",
       "Q15.5781 40.375 12.0312 44.7188\n",
       "Q8.5 49.0781 8.5 55.3281\n",
       "Q8.5 64.0625 14.7188 69.1406\n",
       "Q20.9531 74.2188 31.7812 74.2188\n",
       "Q42.6719 74.2188 48.875 69.1406\n",
       "Q55.0781 64.0625 55.0781 55.3281\n",
       "Q55.0781 49.0781 51.5312 44.7188\n",
       "Q48 40.375 41.7031 38.8125\n",
       "Q48.8281 37.1562 52.7969 32.3125\n",
       "Q56.7812 27.4844 56.7812 20.5156\n",
       "Q56.7812 9.90625 50.3125 4.23438\n",
       "Q43.8438 -1.42188 31.7812 -1.42188\n",
       "Q19.7344 -1.42188 13.25 4.23438\n",
       "Q6.78125 9.90625 6.78125 20.5156\n",
       "Q6.78125 27.4844 10.7812 32.3125\n",
       "Q14.7969 37.1562 21.9219 38.8125\n",
       "M18.3125 54.3906\n",
       "Q18.3125 48.7344 21.8438 45.5625\n",
       "Q25.3906 42.3906 31.7812 42.3906\n",
       "Q38.1406 42.3906 41.7188 45.5625\n",
       "Q45.3125 48.7344 45.3125 54.3906\n",
       "Q45.3125 60.0625 41.7188 63.2344\n",
       "Q38.1406 66.4062 31.7812 66.4062\n",
       "Q25.3906 66.4062 21.8438 63.2344\n",
       "Q18.3125 60.0625 18.3125 54.3906\" id=\"BitstreamVeraSans-Roman-38\"/>\n",
       "      </defs>\n",
       "      <g transform=\"translate(388.12 311.9165625)scale(0.1 -0.1)\">\n",
       "       <use xlink:href=\"#BitstreamVeraSans-Roman-38\"/>\n",
       "      </g>\n",
       "     </g>\n",
       "    </g>\n",
       "    <g id=\"xtick_6\">\n",
       "     <g id=\"line2d_16\">\n",
       "      <g>\n",
       "       <use style=\"stroke:#000000;stroke-width:0.5;\" x=\"479.9\" xlink:href=\"#m93b0483c22\" y=\"300.318125\"/>\n",
       "      </g>\n",
       "     </g>\n",
       "     <g id=\"line2d_17\">\n",
       "      <g>\n",
       "       <use style=\"stroke:#000000;stroke-width:0.5;\" x=\"479.9\" xlink:href=\"#m741efc42ff\" y=\"21.318125\"/>\n",
       "      </g>\n",
       "     </g>\n",
       "     <g id=\"text_6\">\n",
       "      <!-- 10 -->\n",
       "      <defs>\n",
       "       <path d=\"\n",
       "M12.4062 8.29688\n",
       "L28.5156 8.29688\n",
       "L28.5156 63.9219\n",
       "L10.9844 60.4062\n",
       "L10.9844 69.3906\n",
       "L28.4219 72.9062\n",
       "L38.2812 72.9062\n",
       "L38.2812 8.29688\n",
       "L54.3906 8.29688\n",
       "L54.3906 0\n",
       "L12.4062 0\n",
       "z\n",
       "\" id=\"BitstreamVeraSans-Roman-31\"/>\n",
       "      </defs>\n",
       "      <g transform=\"translate(474.41875 311.9165625)scale(0.1 -0.1)\">\n",
       "       <use xlink:href=\"#BitstreamVeraSans-Roman-31\"/>\n",
       "       <use x=\"63.623046875\" xlink:href=\"#BitstreamVeraSans-Roman-30\"/>\n",
       "      </g>\n",
       "     </g>\n",
       "    </g>\n",
       "    <g id=\"text_7\">\n",
       "     <!-- t -->\n",
       "     <defs>\n",
       "      <path d=\"\n",
       "M18.3125 70.2188\n",
       "L18.3125 54.6875\n",
       "L36.8125 54.6875\n",
       "L36.8125 47.7031\n",
       "L18.3125 47.7031\n",
       "L18.3125 18.0156\n",
       "Q18.3125 11.3281 20.1406 9.42188\n",
       "Q21.9688 7.51562 27.5938 7.51562\n",
       "L36.8125 7.51562\n",
       "L36.8125 0\n",
       "L27.5938 0\n",
       "Q17.1875 0 13.2344 3.875\n",
       "Q9.28125 7.76562 9.28125 18.0156\n",
       "L9.28125 47.7031\n",
       "L2.6875 47.7031\n",
       "L2.6875 54.6875\n",
       "L9.28125 54.6875\n",
       "L9.28125 70.2188\n",
       "z\n",
       "\" id=\"BitstreamVeraSans-Roman-74\"/>\n",
       "     </defs>\n",
       "     <g transform=\"translate(254.99375 326.5946875)scale(0.1 -0.1)\">\n",
       "      <use xlink:href=\"#BitstreamVeraSans-Roman-74\"/>\n",
       "     </g>\n",
       "    </g>\n",
       "   </g>\n",
       "   <g id=\"matplotlib.axis_2\">\n",
       "    <g id=\"ytick_1\">\n",
       "     <g id=\"line2d_18\">\n",
       "      <defs>\n",
       "       <path d=\"\n",
       "M0 0\n",
       "L4 0\" id=\"m728421d6d4\" style=\"stroke:#000000;stroke-width:0.5;\"/>\n",
       "      </defs>\n",
       "      <g>\n",
       "       <use style=\"stroke:#000000;stroke-width:0.5;\" x=\"33.5\" xlink:href=\"#m728421d6d4\" y=\"269.318125\"/>\n",
       "      </g>\n",
       "     </g>\n",
       "     <g id=\"line2d_19\">\n",
       "      <defs>\n",
       "       <path d=\"\n",
       "M0 0\n",
       "L-4 0\" id=\"mcb0005524f\" style=\"stroke:#000000;stroke-width:0.5;\"/>\n",
       "      </defs>\n",
       "      <g>\n",
       "       <use style=\"stroke:#000000;stroke-width:0.5;\" x=\"479.9\" xlink:href=\"#mcb0005524f\" y=\"269.318125\"/>\n",
       "      </g>\n",
       "     </g>\n",
